OID_	Value	Count	total area	loss
	1	519	4969	134
	2	554		2.696719662
	3	385		
	4	275		
	5	190		
	6	180		
	7	152		
	8	139		
	9	142		
	10	116		
	11	111		
	12	93		
	13	96		
	14	89		
	15	63		
	16	75		
	17	62		
	18	54		
	19	44		
	20	42		
	21	37		
	22	45		
	23	36		
	24	28		
	25	25		
	26	36		
	27	17		
	28	20		
	29	21		
	30	17		
	31	16		
	32	14		
	33	8		
	34	15		
	35	13		
	36	9		
	37	10		
	38	11		
	39	10		
	40	14		
	41	7		
	42	2		
	43	5		
	44	8		
	45	8		
	46	9		
	47	9		
	48	8		
	49	7		
	50	3		
	51	8		
	52	5		
	53	3		
	54	3		
	55	9		
	56	10		
	57	6		
	58	7		
	59	2		
	60	3		
	61	1		
	62	1		
	63	3		
	64	2		
	65	6		
	66	5		
	67	3		
	68	3		
	69	2		
	70	4		
	72	2		
	73	4		
	74	2		
	75	1		
	76	1		
	77	2		
	78	1		
	79	3		
	80	1		
	83	2		
	85	1		
	86	1		
	87	2		
	89	1		
	90	1		
	91	4		
	92	2		
	94	1		
	95	1		
	97	1		
	98	2		
	100	1		
	101	1		
	102	1		
	103	2		
	104	1		
	106	4		
	108	1		
	110	1		
	111	1		
	112	2		
	113	2		
	114	2		
	115	2		
	116	2		
	118	1		
	119	2		
	121	3		
	123	5		
	125	1		
	126	2		
	128	5		
	129	3		
	130	3		
	131	1		
	132	1		
	134	2		
	135	4		
	137	2		
	139	1		
	140	1		
	141	3		
	145	2		
	146	2		
	147	1		
	149	2		
	150	2		
	151	2		
	152	1		
	155	2		
	157	2		
	158	1		
	159	1		
	160	3		
	161	1		
	162	1		
	163	3		
	165	1		
	166	2		
	167	1		
	168	3		
	169	2		
	170	2		
	171	1		
	173	1		
	174	1		
	175	1		
	177	1		
	179	3		
	180	1		
	181	1		
	182	1		
	185	1		
	186	1		
	187	3		
	188	3		
	189	1		
	191	1		
	193	3		
	194	3		
	196	1		
	198	1		
	201	1		
	202	3		
	204	1		
	205	1		
	207	1		
	208	2		
	209	2		
	211	1		
	213	2		
	214	1		
	215	1		
	217	1		
	218	1		
	219	2		
	220	1		
	222	1		
	224	2		
	225	1		
	226	2		
	227	1		
	228	1		
	229	1		
	231	1		
	232	1		
	233	1		
	234	1		
	235	1		
	237	1		
	238	1		
	239	1		
	241	1		
	242	1		
	243	1		
	245	1		
	246	3		
	247	3		
	248	3		
	249	4		
	250	2		
	251	3		
	252	2		
	253	2		
	256	2		
	257	1		
	258	1		
	259	1		
	261	1		
	262	1		
	263	2		
	266	1		
	267	3		
	274	1		
	275	1		
	277	1		
	281	1		
	283	1		
	284	1		
	285	1		
	286	1		
	289	1		
	290	1		
	291	1		
	293	1		
	294	1		
	295	1		
	296	3		
	297	2		
	298	1		
	299	3		
	300	1		
	303	1		
	306	1		
	307	1		
	310	1		
	312	2		
	313	1		
	314	1		
	316	1		
	317	2		
	318	1		
	319	1		
	320	1		
	321	1		
	323	1		
	325	1		
	326	1		
	327	1		
	328	4		
	329	1		
	330	1		
	333	2		
	335	1		
	336	1		
	341	3		
	342	1		
	343	1		
	344	1		
	345	1		
	352	1		
	353	1		
	355	1		
	357	1		
	359	1		
	361	2		
	363	1		
	366	2		
	367	1		
	368	1		
	369	1		
	372	1		
	375	1		
	377	1		
	379	1		
	382	1		
	383	2		
	389	1		
	393	2		
	394	2		
	400	1		
	403	1		
	404	1		
	407	1		
	408	2		
	412	1		
	413	1		
	418	1		
	419	2		
	424	1		
	426	1		
	430	1		
	434	1		
	440	1		
	441	1		
	442	1		
	444	2		
	450	1		
	451	1		
	454	1		
	455	1		
	462	1		
	465	1		
	468	2		
	469	2		
	470	1		
	473	1		
	475	1		
	478	1		
	484	1		
	487	1		
	495	1		
	508	1		
	511	1		
	512	1		
	513	3		
	517	1		
	525	1		
	529	1		
	530	1		
	532	1		
	533	2		
	534	1		
	535	1		
	539	1		
	548	2		
	551	1		
	557	1		
	560	1		
	563	1		
	570	2		
	574	2		
	577	1		
	580	2		
	587	2		
	588	1		
	592	1		
	593	1		
	601	1		
	603	1		
	604	1		
	605	1		
	612	1		
	615	1		
	616	1		
	620	1		
	626	1		
	634	1		
	638	1		
	642	1		
	645	1		
	663	1		
	667	1		
	669	1		
	671	2		
	673	1		
	674	1		
	675	1		
	679	1		
	686	2		
	690	1		
	691	1		
	698	1		
	704	1		
	708	1		
	709	1		
	714	1		
	730	2		
	735	1		
	744	1		
	747	1		
	764	1		
	776	1		
	799	1		
	802	1		
	820	1		
	839	1		
	841	1		
	854	1		
	859	1		
	878	1		
	889	1		
	890	1		
	891	1		
	912	1		
	916	2		
	923	1		
	936	1		
	937	1		
	944	1		
	945	1		
	946	1		
	948	1		
	965	1		
	969	1		
	1009	1		
	1022	1		
	1031	1		
	1054	1		
	1057	1		
	1074	1		
	1086	1		
	1095	1		
	1106	2		
	1123	1		
	1125	1		
	1130	1		
	1135	1		
	1151	1		
	1155	2		
	1164	2		
	1186	1		
	1188	1		
	1203	1		
	1220	1		
	1221	1		
	1234	1		
	1240	1		
	1247	1		
	1255	1		
	1287	1		
	1319	1		
	1342	1		
	1347	1		
	1359	1		
	1379	1		
	1392	1		
	1395	1		
	1412	1		
	1416	1		
	1426	1		
	1449	1		
	1488	1		
	1505	1		
	1517	1		
	1523	1		
	1532	1		
	1536	1		
	1537	1		
	1563	1		
	1564	1		
	1565	1		
	1566	1		
	1568	1		
	1579	1		
	1612	1		
	1622	1		
	1710	1		
	1720	1		
	1730	1		
	1737	1		
	1756	1		
	1759	1		
	1777	1		
	1779	1		
	1782	1		
	1800	1		
	1803	1		
	1807	1		
	1810	1		
	1811	1		
	1827	1		
	1838	1		
	1865	1		
	1876	1		
	1906	1		
	1911	1		
	1936	1		
	1962	1		
	1965	1		
	2028	1		
	2125	1		
	2144	1		
	2152	1		
	2168	2		
	2171	1		
	2215	1		
	2217	1		
	2230	1		
	2231	1		
	2241	1		
	2253	1		
	2255	1		
	2262	1		
	2308	1		
	2348	1		
	2355	2		
	2374	1		
	2384	1		
	2398	1		
	2413	1		
	2432	1		
	2441	1		
	2454	1		
	2465	1		
	2475	1		
	2492	2		
	2523	1		
	2592	1		
	2594	1		
	2599	1		
	2632	1		
	2640	1		
	2696	1		
	2709	1		
	2735	1		
	2751	1		
	2753	1		
	2778	1		
	2781	1		
	2796	1		
	2798	1		
	2800	1		
	2856	1		
	2860	1		
	2870	1		
	2872	1		
	2925	1		
	2984	1		
	2998	1		
	3024	1		
	3036	1		
	3073	1		
	3103	1		
	3105	1		
	3129	1		
	3176	1		
	3215	1		
	3240	1		
	3277	1		
	3318	1		
	3331	1		
	3336	1		
	3345	1		
	3365	1		
	3371	1		
	3376	1		
	3387	1		
	3417	1		
	3422	1		
	3471	1		
	3496	1		
	3616	1		
	3657	1		
	3690	1		
	3692	1		
	3698	1		
	3707	1		
	3728	1		
	3729	1		
	3734	1		
	3754	1		
	3766	1		
	3774	1		
	3800	1		
	3821	1		
	3832	1		
	3841	1		
	3846	1		
	3901	1		
	3903	1		
	3959	1		
	3995	1		
	4005	1		
	4030	1		
	4064	1		
	4071	2		
	4077	1		
	4080	1		
	4089	1		
	4104	1		
	4166	1		
	4213	1		
	4236	1		
	4262	1		
	4272	1		
	4364	1		
	4390	1		
	4435	1		
	4461	1		
	4519	1		
	4569	1		
	4617	1		
	4642	1		
	4645	1		
	4648	1		
	4673	1		
	4681	1		
	4730	1		
	4750	1		
	4753	1		
	4758	1		
	4766	1		
	4850	1		
	4858	1		
	4862	1		
	4885	1		
	4893	2		
	4904	1		
	5002	1		
	5038	1		
	5043	2		
	5060	1		
	5061	1		
	5070	1		
	5076	2		
	5115	1		
	5153	1		
	5159	1		
	5175	1		
	5207	2		
	5219	1		
	5224	1		
	5259	1		
	5283	1		
	5292	1		
	5297	1		
	5304	1		
	5330	1		
	5331	1		
	5349	1		
	5367	1		
	5373	1		
	5390	1		
	5473	1		
	5475	2		
	5495	1		
	5519	1		
	5520	1		
	5530	1		
	5579	1		
	5596	1		
	5605	1		
	5644	1		
	5649	1		
	5668	1		
	5690	1		
	5723	1		
	5741	1		
	5743	1		
	5754	1		
	5759	1		
	5762	1		
	5769	1		
	5852	1		
	5893	1		
	5903	1		
	5910	1		
	5939	1		
	5974	1		
	5980	1		
	5985	1		
	5990	1		
	6028	1		
	6060	1		
	6065	1		
	6085	1		
	6095	1		
	6126	1		
	6182	1		
	6187	1		
	6216	2		
	6253	1		
	6272	1		
	6299	1		
	6328	1		
	6356	1		
	6371	1		
	6393	1		
	6420	1		
	6431	1		
	6447	1		
	6483	1		
	6486	1		
	6525	1		
	6529	1		
	6542	1		
	6554	1		
	6559	1		
	6569	1		
	6571	1		
	6579	1		
	6582	1		
	6614	1		
	6616	1		
	6664	1		
	6676	1		
	6677	1		
	6736	1		
	6740	1		
	6752	1		
	6863	1		
	6871	1		
	6884	1		
	6900	1		
	6951	1		
	6970	1		
	6971	1		
	6987	1		
	6996	1		
	6999	1		
	7033	1		
	7046	1		
	7065	1		
	7151	1		
	7191	1		
	7196	1		
	7226	1		
	7259	1		
	7391	1		
	7447	1		
	7477	1		
	7481	1		
	7489	1		
	7496	1		
	7519	1		
	7579	1		
	7581	1		
	7603	1		
	7613	1		
	7662	1		
	7677	1		
	7688	1		
	7721	1		
	7735	1		
	7745	1		
	7747	1		
	7779	1		
	7788	1		
	7791	1		
	7795	1		
	7806	1		
	7848	1		
	7855	1		
	7932	1		
	8011	1		
	8025	1		
	8042	1		
	8050	1		
	8053	1		
	8062	1		
	8106	1		
	8120	1		
	8135	1		
	8196	1		
	8222	1		
	8231	1		
	8264	1		
	8300	1		
	8307	1		
	8310	1		
	8340	1		
	8353	1		
	8404	2		
	8426	1		
	8431	1		
	8441	1		
	8469	1		
	8470	1		
	8490	1		
	8493	1		
	8550	1		
	8557	1		
	8596	1		
	8597	1		
	8613	1		
	8632	1		
	8667	1		
	8671	1		
	8773	1		
	8849	1		
	8857	1		
	8864	1		
	8912	1		
	8918	1		
	8956	1		
	8996	1		
	9058	1		
	9084	1		
	9099	1		
	9109	1		
	9207	1		
	9260	1		
	9280	1		
	9338	1		
	9356	1		
	9364	1		
	9431	1		
	9439	1		
	9509	1		
	9619	1		
	9633	1		
	9711	1		
	9717	1		
	9753	1		
	9920	1		
	10009	1		
	10044	1		
	10057	1		
	10072	1		
	10099	1		
	10150	1		
	10226	1		
	10300	1		
	10325	1		
	10422	1		
	10482	1		
	10523	1		
	10529	1		
	10532	1		
	10578	1		
	10583	1		
	10584	1		
	10588	2		
	10607	1		
	10627	1		
	10662	1		
	10757	1		
	10759	1		
	10771	1		
	10839	1		
	10841	1		
	10852	1		
	10868	1		
	10915	1		
	10918	1		
	10940	2		
	10949	1		
	10982	1		
	11013	1		
	11079	1		
	11089	1		
	11102	1		
	11115	1		
	11129	1		
	11169	1		
	11233	1		
	11234	1		
	11282	1		
	11341	1		
	11378	1		
	11424	1		
	11429	1		
	11447	1		
	11538	1		
	11544	1		
	11546	1		
	11568	1		
	11573	1		
	11676	1		
	11706	1		
	11734	1		
	11784	2		
	11813	1		
	12014	1		
	12138	1		
	12169	1		
	12179	1		
	12212	1		
	12216	1		
	12268	1		
	12325	1		
	12396	1		
	12441	1		
	12459	1		
	12500	1		
	12576	1		
	12595	1		
	12705	1		
	12823	1		
	12828	1		
	12836	1		
	12878	1		
	12901	1		
	12905	1		
	13077	1		
	13085	1		
	13171	1		
	13180	1		
	13187	1		
	13191	1		
	13284	1		
	13346	1		
	13482	1		
	13494	1		
	13550	1		
	13622	1		
	13642	1		
	13660	1		
	13737	1		
	13747	1		
	13983	2		
	14082	1		
	14120	1		
	14160	1		
	14161	1		
	14166	1		
	14184	1		
	14229	1		
	14287	1		
	14382	1		
	14431	1		
	14471	1		
	14743	1		
	14764	1		
	14802	1		
	14830	1		
	14850	1		
	15049	1		
	15210	1		
	15318	1		
	15404	1		
	15428	1		
	15446	1		
	15557	1		
	15586	1		
	15656	1		
	16384	1		
	17002	1		
	17026	1		
	17402	1		
	17529	1		
	17534	1		
	17578	1		
	17770	1		
	17824	1		
	17829	1		
	17900	1		
	17904	1		
	18118	1		
	18201	1		
	18687	1		
	18935	1		
	19016	1		
	19153	1		
	19454	1		
	19512	1		
	19618	1		
	19635	1		
	20274	1		
	20378	1		
	20425	1		
	20470	1		
	20683	1		
	21017	1		
	21276	1		
	21375	1		
	21577	1		
	21699	1		
	21726	1		
	23099	1		
	28008	1		
